15010322289
13522010864
13439221244
13683536285
15910960281
13611277468
13552491010
13522302266
13261212459
18710107980
18301170064
13701381756
15810655300
15010356766
13051619968
13718947899
18001198425
13520652594
18614087550
18500579389
18701685738
13641059393
13261215658
13910677370
18610902636
18701110358
15810626399
15811346723
17701276661
13718295399
13439363034
13801091305
13911067883
15011592282
18610363835
13264308823
13811999652
13683369468
13911837204
13911027954
15611373272
18001396019
15801157505
18612896508
13811518053
15801171526
13311589186
13381098019
13436674967
13522401682
18210273172
13521320069
15910971513
13520257627
18511517407
13146241654
13522233105
13651166085
13681528017
18500578979
13264215974
18911843977
13661086529
13521624988
13520282877
18201075788
15910813918
13810973376
18800038667
18901056007
13021215563
13331089653
13366027085
13810864291
13552774328
13718785349
13161008007
15810777152
13911443267
13601162803
13522503280
13240094300
18601045615
18910959115
13301253190
13911053510
13641181632
13051327897
13146613987
13718972511
13552589306
18612802920
13011217651
13121088193
18610918550
13257155422
15510485159
18301429172
18301643192
13051618694
18210225123
15010775843
13683215626
13911238463
13521311236
13520832680
18500299654
13120020113
13520358453
15801372238
18911804932
13311299360
18811465572
13911546080
13466608103
13521345883
18911421962
13522122541
13522619266
13161306809
18701359091
18600397818
18500257342
18910557789
13811501089
13321158972
15101632328
18130035931
13661062658
13611037107
18910329763
18310732839
18210630649
18910315307
18810500151
15011264851
15001226775
18618484842
13120451747
18601249837
13547614670
13911865259
13331086093
18312996783
13716230322
13520576189
18001222406
13651367671
13581920921
15910651779
13146412373
13167380501
13718562109
18201695187
13381074694
13621005070
13146974661
13693500079
18201018582
13521631639
13021198189
15156816912
18510522558
18001198463
15116962985
13717594436
13146004334
13699172757
18910651180
18910579150
15010066806
15210698077
13716776291
13691376118
18810743588
18500303067
13811121646
18031696004
13301024645
13301285053
13520382719
18001109845
13701354167
13141390028
18518208296
18710191890
15613620721
15810786440
18510800250
15311157169
13311050178
15811568377
13240265789
18911052169
15210917687
18612117012
18911035221
15201697383
15201383394
13910277859
13716348820
18210302526
15313021707
18911942602
13718828930
15201645362
15011217358
13146161745
18810787830
18310723782
13301257171
17701156335
15010219987
13811242734
15810336070
13621222535
13520241087
18311135832
18600698820
15810366588
18910234915
15313117307
13520550693
13683234609
15810396976
13311002232
13522959788
15611682759
15311855979
18210903114
13161655222
13381131673
18210320108
15001003306
13600575722
13671089837
13520483658
13910392376
15910611394
18811347025
13683108189
13718478087
15501072850
13146649240
15811382869
13260327807
13522682478
18627140117
18600988741
13693576719
18911575096
13439959583
13683018267
13693129004
18513443987
18801337727
15010065429
18310960271
15810896315
18520038883
18801263655
15810734576
13522018626
15210972540
13716598201
18710205941
18513807526
13621269145
13716442413
15321009082
18632757118
18701029819
18401757883
13521733059
13718679197
18910229173
18911875200
13811621343
13366117387
13671201039
13910164339
15901359953
15120087024
13381231180
15010011403
18600761865
15909820263
18610607140
13691173006
13521343866
13911708768
13522224692
18910856935
13691500869
18318585878
13520207915
13001963136
13811205753
17701351490
13641299272
13699120518
13693655669
13611196095
13611133486
13436956552
13681327278
13311392037
15960172358
18601244662
17710221332
18600646367
13611221539
18701061862
13261513396
15652507536
13126524288
13520355729
13811311500
13691451726
13241287335
13552538539
13811267555
13701360751
15005237882
13641303841
13552300899
15801537211
13301009406
13661253780
18201621078
18612824479
13552039835
18610821895
13146562682
13910652228
13897957898
13691110807
15101064588
13381125697
15811578314
13264448838
13366565951
13621051868
13581948388
18910472125
18611795659
18631720184
13691003230
13301281595
18612473993
15600555602
13263229852
13611080043
13522973909
15901599310
18801152163
13716042896
18310730646
13601103626
13241426145
18610117049
15901081099
15652369463
13810732162
13718591509
13001262986
13693252479
15901226892
13522019116
13641331629
15101130302
13264298957
13911006695
18511798331
13911046979
15810255512
13911316516
15910665785
15872488857
18510250857
13718695344
18301191665
13521739610
15801593396
13001229299
13716677978
13001061661
17701132271
18911303682
13522199767
13321160530
13621003879
13683631974
18910011228
18611221641
13641142079
15330090311
18910682982
13693025442
13020038698
13811766630
13371700603
13311171397
15210405702
18810100657
13522527701
15901162192
13683322722
18701129317
13381179336
13699181326
13321118837
13693106290
18645848382
13718100654
13439659779
15010692874
15369294357
13581705019
18911341850
15001301970
13664145559
18201179846
13439331998
13810898649
13261063817
18611951651
13121184031
15313022117
13590341675
13520554556
13370132093
13811787342
18311389592
13358367386
18701542641
18611615075
13693539249
15210890850
18310985579
13760172225
13120101636
15910880527
15600505741
15001009914
18501903926
13910312466
18201192926
18900126838
18610505161
13716888445
13911030872
13391972233
18501132722
15110297266
13785513674
13511064226
13611224271
13161553873
18810598313
18201518150
13366783669
18310988056
18810200106
18500386183
15311451007
13552360429
13683610882
18801266389
13552758152
18201028636
15801620678
13366022440
13146769217
15910449953
18810334521
18911943002
18600890647
13511082569
15901539855
15801203603
13522663200
13691354940
13552916460
13596837860
13552404884
13261765092
18701576840
18911600024
13910072093
13717660796
13522230754
13810275370
13521323110
18210972783
13901146701
13301294252
13520463099
13601168088
13811997680
13661160457
13811429560
15564708388
13811387283
13260192171
13521716133
13391783027
13910653072
18610553373
18513893840
13436970970
13488898039
18001198496
13391651858
18210999859
13717905269
15011165068
13811859351
13683542596
13641090332
18612396567
15910396781
18611870652
18810537327
13120373222
13501344493
13436307209
13601389990
13810520696
13552375647
13520928397
13911032321
18612796249
13691003947
13124703928
18010139652
18910135538
13716102644
15300026586
13681432031
13520051255
13693567730
15612778736
18610179017
15910668760
15901032515
13439857014
15001035545
18501158685
13611007784
15011528046
18911281721
13811406165
15010771638
13261267766
13810398042
18910256581
13811527713
15811016197
18501912806
13021030219
13718600905
18201665233
18801127866
15132657580
13489564129
18911989273
13718782280
13693258319
15811223445
13436929065
13810305288
13146183071
13426399050
18600178712
15110152334
15210345022
15801287052
13020088630
18701092036
13436991880
13121159736
13120082368
13693399680
15210659280
13126811626
18612922576
15101605228
15510103831
13552406232
18511254795
18600482861
13120122728
18600175176
18601040407
13301250232
18301279446
18610285380
15011569500
13261153132
13439159239
18911812860
13810508104
13501278913
15586731888
13910183676
13691059790
18618417853
13901013972
18210638693
13581615345
13552330083
15132982765
13520310140
13718645156
18510795513
13581881591
13641059379
13911507086
18810741936
13522395050
18810410039
15718831363
18510911812
18612259258
13552646427
18001198477
18201252347
18661487616
18911365611
13911397080
18001026485
15810509924
15311175180
13718132690
18410079145
18133837555
18001198449
13301094441
15010061618
13326367259
18910137328
18239599811
15313912569
18001198408
13691392275
18210516858
13901335104
18513968732
13601093321
13691188072
15300119899
13522882848
13910743426
18311083358
13810898162
13146565009
13146808538
18311496254
15910258614
15810492915
13811413646
13718450948
13810735214
13601181900
13953487869
13910558951
13718095757
13910310449
13718797976
18515150064
15116972001
18410282812
15210929817
13552891006
18701347996
15132291699
15810335822
15076396766
15611933972
13521247011
15601258983
13120335764
13671071159
18911172871
13520455004
15101590209
15750510931
13661105610
15801615711
18611405160
18210402843
13051182358
18001026458
13671372318
13261451599
18910533950
13811818640
18810384082
13693588912
13671150564
18001026480
13691577526
18001198436
13718885040
13581847800
13716794133
18001036040
13910592146
18001198451
13691030933
13693221669
18701207137
13366856998
13611262195
13911121311
15801529489
15811013151
13141308834
13611262170
18910426229
13683500186
13391924936
13911845897
13021101654
15210668018
18600902822
13241001142
18510932360
15110120035
13611262171
18001198403
13041207476
13811204326
18910521902
15810375930
13810295107
13522013105
13693599993
13701138459
18733650584
18210315291
13051710517
13522280173
18911840959
18511426975
13621298450
15034375555
13521866212
13511028946
13651209828
13261561982
13439267377
15210437587
13520398861
18618475686
18611434655
15811534243
18612336252
18501224223
13366431104
13651023560
18722409932
13910088381
13910204651
18611553631
18001198473
13810604512
18911196115
13699190109
18601989938
18910135125
15010610786
15120062486
18612852455
13513264572
13601382281
13998703213
13683101480
13522696349
13436568123
13521819521
13520525945
15901156299
13321190865
13426081041
15901191445
15910480186
13439957214
18610958286
15311540166
15910305620
13370138746
13911274490
13601074931
13301323853
13311454552
13811365028
13381163020
13718522611
13311368303
18810106559
18911057940
15101052513
13522115743
13691447604
13683127736
13439475410
13810761797
13699276990
13691274788
18301207277
13426260082
13810628328
18618243662
15011214769
13401176280
18310698506
13681435665
13521967971
15901106201
13716609923
18310496061
15811087768
13522703913
18310698509
13801066731
13810793465
13910157046
15010053737
15810731298
18311098541
18301402838
18501118621
13661105113
13146491802
18500079039
13520287263
18046591140
13241322321
15711221322
13810620149
15910893028
15833251069
15810643690
18911597918
13701085994
15801608762
13522593965
18612183173
18501171864
13120343263
18610256220
15810783680
13439034940
13391661250
13366088841
13718629633
13811416592
13522270727
13651339013
13552879618
13520395840
15330230075
18610202339
18613840512
18518055001
13810694363
13126641970
13910899456
13269226522
15201314547
18910638662
13126899671
13718329470
13439643850
18510072662
15321089959
15001340565
18910508646
15110095655
15201157120
15801084218
15810378032
18010197850
13691449099
15801084269
13311360786
13831421961
18810397023
13701287332
18301435060
18611335466
18500622195
18911371419
18910559265
15801321607
18779831888
13521637625
15726665120
13621099210
15810267597
18911427006
13934915040
13810926850
18910135573
13810930964
18001398001
13501307043
13552895621
13910151011
18903240135
13031026059
13901300869
13910503880
13661160833
18810845965
13691409990
13522129520
18618371602
18600821623
18610218343
13611204861
17701128250
13552471660
13910872714
13621094253
15210108775
18810889364
13436355041
13466323115
15001263050
13552009125
18911342567
13911551233
13581733541
13701328472
13522289816
18311166753
18612096370
18210580819
18001198474
13301070236
18310978929
13522876726
18310786118
18618264477
18618365757
18001131273
13718504867
18201112695
13552227246
13810723245
18911250876
15810488040
15801111833
13810543660
15201059326
13681118586
13661008307
18513656195
13910255132
18911969360
15210898987
13693380722
15300297428
13501343269
15801109192
13691401922
13810873251
13041066964
13910903559
13811198304
13641236303
18600576225
13522459926
18612617862
13661311499
13439545456
18612759591
13141204605
13691137682
15210060698
15010284868
18500072794
18310830923
13717956182
13651135793
13693609560
18210921578
13552309625
13693013741
15900224906
18810009277
18301156110
18600168567
13693068592
13167302678
18612395567
13581777078
15810929527
18801262743
18801005185
13522043310
15001050993
13717939998
15101611583
15210949173
15001028516
13681515931
13161561953
13240013311
18611098170
13520960990
15501029195
13051018729
13121201966
13661353495
13717678932
13718878777
13521136460
13521394131
13552529957
15001316960
13701182342
13718152730
13910850213
13146709660
13718804561
13661224466
13683533842
15321166892
18911669247
13671287705
13264233130
13910594637
15210829094
13488775195
18601301020
13466336499
13581629619
13552151268
13611146577
18610323736
13263333100
18010115832
13520761381
18010097306
13581811166
15910842378
15811044907
13488716477
15600582353
18611888637
13522172091
13691508271
13146438188
13911853519
18500501839
13141289831
18910429243
13522184593
15611977879
13911107945
13161709708
15901364077
18610656098
15810701608
13718846830
18601951958
18210325562
18210134097
15101145008
18210325519
13120483790
18911073875
13426450390
13901377737
15210752982
18210131969
13264143421
13910849405
18600075937
13651062810
13691466716
13522869847
13691409324
18600648452
13811657993
13611374422
15313000162
15810050662
18911296385
18601959220
18600775541
13552870896
13683676941
13501081755
13611199752
18301281230
18911663799
13263396560
18810805386
13381123694
13161450398
18513127037
13466715668
15011304395
18810844886
18010426939
13552248855
13683055018
13911045493
13521009566
18201532844
13311130659
13811797132
15652513848
15201598797
15313471656
13811532362
17600873736
13811590761
15811393668
13716519171
15710086926
18701308645
13552450607
13683602303
18101098105
13810276722
13811069632
13001971777
15901346320
18810677896
13522172090
13910237143
13811025321
13520095230
17710139705
13522585261
15001281611
13718876821
18301181911
13439539355
18911512401
13683184198
13718376600
15510257473
18701497453
13552039179
15811264862
13621359367
13521713459
13901372492
13439047241
13269234419
15699785562
13341012826
15711198790
13716998516
13520281824
13391590728
18511275830
13264429814
13717657203
13601159025
13521646156
13611063792
18810957313
15600803570
13121029228
13716812303
18911336965
13051284847
13716877606
18618149055
18600615889
13552678523
13520901767
13488760699
15110107140
15001288284
18401236088
13611166375
15201437821
18810023700
13520618566
18201629557
13601208126
13716852685
15810884599
18101265305
18911009101
15811180749
13552501598
13681502089
15210354590
13521109309
13439220811
18301523837
13911513261
18612631344
13381110126
18612021419
13311587216
13371626960
13811705858
13810956697
15313681990
13611053924
18500332328
18910931286
13717758256
18513603351
13701143389
13552756125
15313285476
15001260956
15811012436
13681227718
13263113211
13693304053
13810462997
17710169225
18201348676
18201537979
18911378868
18600044615
13910868544
18513082948
18611491173
18911732952
15910810737
15810986879
13810172575
13011216668
13810339400
13810403321
13681464412
13718850928
13001944533
13693678663
15810899083
18911023595
15011536458
15811022728
18613873996
13681244015
13436945618
15810208452
13301162276
13681505562
15369668809
13146713610
13552449282
18910827161
18001100950
18710214153
13121076586
13521206415
18310751060
13146682908
15910770709
13426375603
13552471097
13681151680
13301283207
13811810239
18618284687
13522380342
13811308298
13811349426
13683189479
13693338841
18010056952
18010033559
18210479088
13522522928
18612228127
15210406778
13910504076
13641303774
18310388223
13717510228
18911917630
18801280016
13146227102
15010909421
15101560832
15810099701
13611159875
13311233078
13552768821
18600810292
13520091715
13910804224
13520825993
13811275083
13910317896
13910441062
18600810962
13801302818
18500235018
13552685558
15075228116
13941602040
15910651452
15600776585
18612038646
13241335310
18612757810
18910372813
13911945199
13811337620
13701062605
13552665726
15712833997
13681582861
15810965844
15011174494
18001317792
18301178892
18211136506
13681325595
15011013811
13718328435
13552116056
15611945090
15810561204
13501098597
18611229085
13911266577
13683577222
13240024070
15210539924
15321116867
15910260589
13581779048
18612182673
18618253971
18610692866
18001219956
15910465854
13521316929
13552032673
15321315982
13521443658
13911248636
13552381239
15611350626
18810650251
13121539943
13681552350
13426423728
13801104883
13693227342
15001243216
13366212545
18618252909
15611868917
18911263393
15522624035
13121646323
13261938644
13611237071
13911770114
15711100922
15810488126
15201435565
15611335755
15801254055
13366164551
18614097297
18310123123
13691158233
13436894353
13693540059
13522522502
13683112201
13691095908
13693530925
13552274405
13811271704
18810018582
13701256287
13811723613
13552924539
13661259933
15010782592
18610222731
18618299466
18201262199
18610841346
13810534403
13520041531
15910743739
13811945169
13718167555
13141491038
13426386976
13581915608
13051703138
13301105181
18612074737
18911591801
15600547644
15201476532
15311898029
18810641719
13520193331
18201176989
15801670996
18611845622
13671128103
13161637298
13661241053
13693228255
13311344618
13901312906
13718718968
15910730861
18801019099
13521942763
18910595069
13522636752
13717699303
13391917532
13401026455
13241898333
13693589716
13701247803
13716156602
13691524630
13269041640
18612001032
13683360078
18201290978
13522401767
13651331969
18610199831
13522058568
13611071981
13693628080
13161066150
13810559458
13126827226
15010449466
13691267379
18211015102
15611989806
15201186158
13661370699
13522012744
13621369064
18010021435
13011275720
13691362588
18515184003
15011249178
18500231826
15718851048
18801286295
15010618267
13811208121
13651256027
15810338374
18210878126
15801632922
18610558178
13718602815
15110265212
13070196691
13720093219
13051034546
18701383667
13522525126
13810951386
13071159851
13716932327
18610247690
18911830717
13810333959
15652968196
13521323826
18210207221
18001255516
18800017839
15811189602
13436810406
17701046959
18911276634
13811582812
15510395331
15726624060
13466350729
18611605488
15910457521
13241016639
13691437072
13641278685
13522346774
18710222757
13691541918
13522162368
13661077534
13269608765
13681338909
13264324491
18101058659
13401147538
18612751297
13681392133
13810665514
15265272562
18911817556
13683029097
13621340570
15300035073
13146046663
15510661953
15801669074
15210069521
15910612662
13501051307
15600884036
15810095652
18618298388
13520730083
13436950741
13521569420
13911910612
13911903318
18614048110
18800109050
15910775394
13520088277
18611325896
13521665117
13436645439
13811864209
15801254477
13121855035
18310784228
18610402375
18911976028
15901565370
15901113550
18513631983
15210303981
13681460810
13720045300
13701002975
13391606005
18710295113
18603340495
18210625259
13520829225
18612228653
18612874709
13520155465
15901158220
13051333443
15210795084
15011189835
13501098973
13552522577
13671095360
13121988769
18601969269
13521035094
13910975448
13683192247
13691432422
13426084103
13683561317
13661221222
13716363276
13671200181
18601232158
13681365053
18310883172
13366140225
13801368887
13681254618
15010157018
18910508211
13521133074
13520270839
13301256083
15901513572
13366574238
15901332306
13691569589
13661260467
18911903657
13522936190
15300306526
18210624813
13021133345
13370105116
13331168461
15313370821
18612880827
13146519581
18911988957
13520244057
15210727938
13810042970
13426259713
18911824926
15010522692
13301290165
13910510945
15652437182
13381231185
15001383301
15011252144
13381078167
18911919020
13581788439
18513362871
18201655850
13661129218
18701264875
13301046238
13717636563
15810388422
13621289045
13311131198
13681175326
15117939616
18612106144
18910570752
13124782834
18613883116
13810620211
15699855980
13810537783
15810556979
13521509190
13552545596
13220181108
13552050555
15601134298
13910566525
18210394955
13261226821
18618315123
13381078131
13521782238
15010061105
13641021853
15011267354
13911037066
18610508858
15810127231
15201410909
13718106606
13611188407
18810371004
18601978771
13718298189
18600942422
13910435512
15810302820
13910549188
18701385943
13436703450
15101531348
13716526175
15810842122
13436811390
13810577336
13601357452
15811502823
13521588770
15001023587
13311302687
13716788559
13716254443
13241265787
18612649649
13581880526
13699247328
13810632744
15801035263
13811958506
15810313613
13611186320
13683115249
15116996383
13911605340
18801057926
13691357466
18611767342
13121465094
13381017204
15910823502
15701210821
15810138262
13651070458
18611105453
13311545009
13801367354
13699133886
18910150977
18911690126
13641329797
18701318125
13910229923
13621107201
13601075582
15110095569
13811061978
13910831240
18301208521
15010664218
18210136911
13811486967
13911824407
15624976405
13520428232
15910319123
15510264979
15101029435
15901286250
13552575802
13716730898
18600420097
15201095594
13146479219
13020020072
13301279572
18911888751
15010718923
13716053323
13683112615
18612222024
15110236792
15650751412
18612005729
13718038908
18310887418
18910585324
13716284285
13051461364
17701152515
18610998881
15901185874
15116914258
13241855025
13718590295
13716701785
15901076335
13671273083
13811592285
18515377313
13611388683
15101030211
13671035189
18811493689
15811223789
18701371552
13716796399
13810284431
13601095659
13141499937
13522826232
15810295055
18649173282
13520675758
18910272267
13520367637
13301125900
18811188110
18515375179
13641369867
18600483806
18010172130
13439760660
18901073186
13683372770
18301038247
15210608991
15611371101
13391901063
18911564580
18911186657
13718625316
13693394066
18911754781
13718312314
13401160793
13520954647
13439730025
15501153539
17710052734
18513933309
13520107499
13522800102
13020032107
18710199253
13521194449
13651358065
13683051764
15810670143
13683300195
13366910128
13641383872
13146382294
13681403568
13520908852
13126633882
13681586786
18715069457
13716335188
13381078151
13366758129
13522583376
13381287178
13911561883
15801525742
18611931466
15101543825
13601206377
18701122486
13501082521
13381078137
13811819189
18518437769
13426117669
15210884971
18810322383
13717965204
15811145456
13439976678
18710291362
13521983711
13381109161
13810009273
13810843285
13651152994
15811174653
13522252891
15810399540
13693513468
13911059670
18201593637
15011551278
15313326883
13683241565
13301385296
13810908664
15810065404
13164234677
13716576932
15910310025
18311482729
13051407122
18614094228
13426172057
13701312285
18911815200
18510350362
13911910682
13716629881
18311289006
13811481028
13522180394
13261388991
13301186710
13311210387
13693144689
13911910683
13401017558
13718673697
13436606136
15801383207
15910654168
17701386219
18510930728
13164258552
18515107053
13910394229
15910991858
15810166577
13911910670
18911582895
13681377007
15011482181
13426431886
13601255077
18201486597
18001293500
15801090444
13031060915
13381055175
13552747777
13910811794
15001257325
13439407996
18210208584
18612469899
15810035343
15601205314
13011113158
13718673672
18210423913
18310170260
13611307618
13511030919
18600528607
13701187591
18210202278
15910814462
13641080613
18811447978
18613880696
13126827199
13718380345
15810867295
13126958952
13683126625
18911592506
18911284081
15810602752
18500375499
13611263343
13651199071
18701160172
13521805657
13910800828
13520965641
13683504113
13693109860
13439337782
13911851842
18010046522
13911099454
13716901348
15810160596
15116997830
13641280895
13552872110
13701057569
13693158053
13699260866
13521589607
18211139503
15911108433
13031051817
18710068981
15201571676
18813137854
13146648958
13511017681
13671071432
15120071899
18911871258
13552381144
18611359316
18611722472
13641301748
13811965687
18211152005
13683502834
15910577637
18170976878
15720310806
13811767866
13240306933
18910588229
18810313325
13811677385
18911768090
18901308068
13381055172
18210777732
18612339952
13552982936
15210895561
13520588838
13911913382
13717825229
13381025539
13146923945
13522945494
13911910659
13041059359
18910380151
13581543088
13681009851
13683588330
18701331216
18601987755
15011241989
13691121549
13693003618
15010320838
13241415911
18911814144
13521841779
15210081146
13161380831
13811058360
18510337362
13671396302
18301285758
15810708953
15801234159
17710245402
13522269181
13520801615
13810956850
15110033771
13718208470
13581515293
18511607180
18911185428
13240053681
13161438098
13141241078
13671110081
15910847887
18911918619
15201622506
13041065879
15811252910
13621202782
13311506108
13520637269
18611170422
15011396550
13311075992
13911910667
13311327382
15701670802
13521654006
18201640375
18201307272
13911604046
15321837309
18910497896
15910612011
18201450878
18810012863
15010515913
13522395343
13466731942
13581661222
13811038727
15501046268
13426050694
18310131124
13718308909
15210646858
13910795247
18911245495
13911364351
13522034335
13520731532
13810748194
18201216199
13810162801
13811477822
13810213088
13146232986
13910037494
13911325575
13572920552
13552589985
18701239107
13716067998
15210859161
18201155571
15601333301
18310087804
13693550111
13901294520
13661268682
13601104329
18310514369
15210073144
18600500554
15010400575
15901016621
13910541390
18515293152
13601239847
13701006672
15910207503
18310777233
18911586964
18611174149
13601078005
18910525531
13611222003
15811239973
13811752661
13124767966
15300160228
13521189232
13121672253
13911594595
13811734895
15601002226
13811312181
15201335165
13911439873
15910896251
13366554791
13681043205
13651299519
13651248180
13810628538
13611113089
13263331806
18310816136
18910807331
18910965272
15901051224
13522899885
13718562686
15210153580
15011364102
18911497985
13269272278
13671316209
13810912863
17710189529
13521626740
15010875229
13521058538
18001168769
13439949934
13911075806
13910895134
13520895469
15811128927
15001160756
13521821031
18010156670
18611208753
18210737075
13811485701
13241298011
15001247921
13520532632
13260135563
13811025206
13683102585
13683636054
13522159031
13717580319
13691363316
13439911860
13718130733
15901341386
18601237478
13520183983
13693028450
13146123508
18511729801
13521209346
13301380350
18310194789
18210117001
18801272587
13681387959
13801068357
13901325260
13439106424
13621226070
13911526084
13391898590
18701164272
15928145687
15810348721
18910699065
15810064191
13520512439
13661012646
13436822464
13521172019
18600694831
13716681973
18701100760
15001340938
13520065902
15901455525
13439402219
15801401253
18710068980
15011250862
13241348938
18518128840
13621275824
15801500848
13520258502
15611566026
13901124474
13520452352
18710056805
15801638856
18600827545
13716907610
13699129383
15001055889
13488698183
13801309225
13661032665
15901583973
18701662319
15210552958
13552262344
13001212144
18518332196
18301602907
13521865712
13001035493
13683320767
15010201413
13552332709
18010033663
18201632433
15810119922
13693609686
15028200270
18210300029
13611395190
18600708895
13041179531
13439185856
13681168369
13716246716
13911581285
13661271402
18511555987
18612269091
13601118115
13071128166
13501346366
13716554526
18610043275
13911898165
15010123058
15901282051
13810915521
13522569055
13661201570
13718459875
18210950071
15652076661
13683387296
15321518123
15600459787
18515100157
13121694748
13811453570
13439631757
13520483669
13520797495
13801362093
18911988851
18211154409
18811018185
13121504871
13693287385
15010423990
13691236796
13717987715
15201660557
13146647778
18612222392
13466333789
18701068567
13683577481
13718628527
15811063963
13522089054
13269111807
13901142209
15901300912
15201366749
13511024978
15201275289
18600532752
18701674381
15910265209
15010759783
13693178455
13501313520
13126733026
13552945835
15910766531
13691386380
18612021698
15811113138
18010136590
18001328625
13070135776
15601215625
18511882737
13070156858
13426002358
13391719309
15801027894
15510749828
13651361661
13801339067
13661266340
15910996004
18611694626
13520275754
15910622529
13331016390
13381256895
18510944410
18210753220
18600908311
15011219009
13911163353
15101199585
13601231515
13504105766
18201383114
15010101774
15210441663
18911629073
15811196905
15810937033
13466338606
18611567172
13621386656
13021980883
13611321898
18301216656
18201648178
18911053516
13260458871
13581797878
15811219194
13661149498
18510195868
18801347000
18910814256
18210046613
13718395646
13521042599
18910827577
15810199577
15001322576
13522570747
13718689358
15601381786
13681218807
18801476509
15010991291
18611351710
18686816100
15901288678
13581917956
15160039919
13439563320
18350228971
15811583841
18513985812
13717675881
18600073532
13701306380
18518330580
15810061596
18610946073
15510533005
15701358370
15801448573
13717966818
13120192926
13521615160
13488880227
13701106350
18610209850
13691027259
18600837500
15910698260
18201697533
13521083723
13001215915
13261241179
13522169122
15101567703
18500978477
13651313646
13911307130
18701011779
13699138562
15600021321
13910697252
13651319065
18310233619
15201123263
13901109072
13683633940
18618318620
13716754960
18201000126
13810654647
13522095653
13718103010
13718954524
18600408361
13611013286
18911484114
13691533649
18618164080
13011871862
13161164362
13366932710
13120064188
15810865846
13261790612
15210562079
13810647384
13693516636
15910263345
18210826908
15810895206
13021251443
15801261058
13801172603
18001328575
13521301362
18610647828
15811486702
13699298242
13718690806
15210593587
13718994513
13911029241
13331089686
15010193437
15010588498
18810380686
18310715820
18210957486
18611368641
13391504116
13717607434
13717962686
13716734706
18500625169
13520792415
13691523595
18810792678
13601291763
13811234824
13716565809
13520839026
15210221577
18510105071
13161060991
15101569307
18611695060
18612131857
13716037340
15810828073
13401084300
13911310651
15801300796
15510511976
15810560870
18201605275
13126669290
13683017248
13241941978
13520129092
13021093735
13401014290
15010628520
13381151792
18611308346
18910972923
13910937273
13811150291
13520737427
13910474228
13241227232
18510997616
13911566291
15810870275
13716803235
18811088846
18911605175
13810090730
18600423983
13718575739
18612966645
13901075965
15311112016
13520496856
13522509469
13661089042
13426229620
13521411586
13521335125
18710083313
15313168725
13641102387
15811089379
15801090308
13911667059
13717945073
13718697693
18500058409
15811510093
13439950332
18001361690
13718295251
18331219952
13811515565
13522822125
17701393959
13520498043
13426058713
13146670715
13552903302
13621159821
18601082782
13651381445
13522359835
18510275279
13439502329
15828457125
18211022090
13426238970
15201022086
13661159287
18210630815
13641393966
13381162527
13701012598
13439755452
18515300103
13811073628
13121350288
13391741778
13366853486
13910894118
18311353231
18610033388
13718715618
13641294088
15901477257
15201035589
13910107677
13381278779
13488850887
18610757398
18911447310
18981627714
15010989694
13716234590
13521056606
18600876596
13693064331
13501056929
13341161965
13681487827
13691117582
13661399228
13717951419
18310392962
13722218229
13120152579
18911256514
15011503038
13671073089
13611272488
13331109305
13718057185
18513633093
13716275075
18518075529
13552445686
13552029731
13716737069
13121073219
13693167792
13260322898
18501911732
13240308304
15911057769
13521261316
18910500225
13681084856
13910710787
13520165470
13716471963
15010691598
13911065046
15010923363
18211137252
13466686555
13716628886
13552482022
15727330810
13051699169
18800110036
17701210607
18710185345
13651172311
13552628992
13718567771
13691482841
13811662011
13522545456
15911050115
13520063857
13717995550
13810863253
13520504291
18513460838
13910806583
15313320414
13681272854
13161949723
18410053293
13810948063
13331016557
15510650350
18618410213
18910849410
18311080982
18210119437
13501308366
13501265306
13521189006
15601210029
13439996790
18611512618
13641129847
13366456692
18210255186
15801535668
15810564026
18611581022
13911194091
13811357889
15910270684
13718536804
13641358352
18610593019
18612037810
17710139556
18911467080
13718842851
13041067920
13810521453
13522853176
13501126113
13810293965
15810906040
18911071994
13466692770
13910879492
13651326820
13552224902
13910148161
13811894857
15811340370
18701082656
13381056015
18210030185
13381163514
13717576125
18911853038
13601382253
18600490701
18611647046
13521687305
15501154770
13681479531
18101068969
15201606978
15810572381
18001352078
13521976607
15330079942
13520774605
13911242271
13691166693
13810166511
18513193065
13522281307
13521573519
13146159633
13718508559
13521272723
18610812143
13520300162
18910318641
13683555175
18801275208
13439649163
13051546395
13311227289
18710172954
15600238889
15901197551
13522659087
13811338101
15010183169
13641185963
18701629081
15001079797
18910825016
13522128328
13671182262
13691018035
18610814602
13671297527
18600672007
13911970780
13693167144
15010968775
15699866800
15611303262
15601134373
13683090924
18612149268
13693219405
13269622951
15210554059
15801302701
13552118850
18311311019
13391688486
18513979787
13581821869
13124799351
13120249392
15120038095
15001160186
18910151876
13718666723
18810360120
13716877516
18911278239
13488849029
13552292307
15911068547
13661350050
13426278166
13681325430
13391960883
13641107911
13552940148
18701073472
13581795114
13161148345
13011186957
18511843366
13811556024
18811313455
13910989192
13439665309
13641037740
13146655299
13269928980
18201691311
13911518371
15801367676
13681478562
13671001453
15811510181
13522656788
15510639855
18610910020
18310136909
13681041048
18600169680
18500293706
13911683434
13439932364
15321327171
17710201767
13671031420
13301377577
15726629649
13436364631
13520654843
13521095582
18618294138
13426206876
15712966623
18511703310
18611044680
18101311321
13241758543
15250220720
13811389124
13910267155
13126687566
13716639158
13124726365
18618436940
13717554247
15810767367
18612512981
18710173500
13681570410
13811402070
15910533595
13426299171
15010959501
18701403389
15010595481
13261301049
13520674954
13717833671
13601089011
18210019750
15001242440
13269525325
13552108175
18310740157
13621346300
15901397582
13910518533
13911192911
13681235566
13910642943
15210167569
18600399064
13681269521
15010362989
13720052994
13621160644
13701013302
13701365090
13522101949
13581644885
13263159767
15110222024
15011029063
13621122226
15010702087
13269529924
13051238548
15510307376
13520227790
13810913055
13520851191
13141461877
18911651867
13717535225
18611721537
13501194551
13810110438
